TABLE NO.     1: Laplacian Conditional Estimation with Interaction: Problem=1 Subproblem=0 Superproblem1=0 Iteration1=0 Superproblem2=0 Iteration2=0
 NAME         THETA1       THETA2       THETA3       SIGMA(1,1)   SIGMA(2,1)   SIGMA(2,2)   OMEGA(1,1)   OMEGA(2,1)   OMEGA(2,2)   OMEGA(3,1)   OMEGA(3,2)   OMEGA(3,3)
 THETA1        2.91838E-01  4.94312E-01 -1.99212E-01 -2.21392E-01  0.00000E+00  1.11085E-01  6.11781E-01  5.05617E-01 -1.53241E-01  7.09296E-02  9.52061E-02  1.36354E-01
 THETA2        4.94312E-01  1.56924E+00  1.40261E-01  3.57600E-02  0.00000E+00 -2.83087E-01  3.01123E-01 -1.26744E-01  3.49525E-02  5.98425E-02  4.82025E-02 -2.30632E-01
 THETA3       -1.99212E-01  1.40261E-01  3.97521E-03  5.68355E-01  0.00000E+00 -7.71375E-01  1.49726E-01  1.46287E-01  5.32140E-01 -2.84159E-01 -8.38099E-01 -7.75678E-01
 SIGMA(1,1)   -2.21392E-01  3.57600E-02  5.68355E-01  8.71608E-03  0.00000E+00 -7.69533E-01 -2.22404E-01 -1.88418E-01  2.28343E-01  7.23827E-02 -5.33574E-01 -6.71256E-01
 SIGMA(2,1)    0.00000E+00  0.00000E+00  0.00000E+00  0.00000E+00  0.00000E+00  0.00000E+00  0.00000E+00  0.00000E+00  0.00000E+00  0.00000E+00  0.00000E+00  0.00000E+00
 SIGMA(2,2)    1.11085E-01 -2.83087E-01 -7.71375E-01 -7.69533E-01  0.00000E+00  7.08435E-02 -1.44597E-01 -1.14073E-01 -6.02358E-01 -1.02416E-01  7.29754E-01  9.76691E-01
 OMEGA(1,1)    6.11781E-01  3.01123E-01  1.49726E-01 -2.22404E-01  0.00000E+00 -1.44597E-01  2.19050E-01  8.25130E-01  3.14010E-01 -2.68944E-01 -2.75700E-01 -1.82999E-01
 OMEGA(2,1)    5.05617E-01 -1.26744E-01  1.46287E-01 -1.88418E-01  0.00000E+00 -1.14073E-01  8.25130E-01  3.58353E-02  4.24789E-01 -8.96680E-02 -3.75008E-01 -1.75563E-01
 OMEGA(2,2)   -1.53241E-01  3.49525E-02  5.32140E-01  2.28343E-01  0.00000E+00 -6.02358E-01  3.14010E-01  4.24789E-01  9.33532E-03 -7.66843E-02 -5.63131E-01 -5.91817E-01
 OMEGA(3,1)    7.09296E-02  5.98425E-02 -2.84159E-01  7.23827E-02  0.00000E+00 -1.02416E-01 -2.68944E-01 -8.96680E-02 -7.66843E-02  2.14140E-02  4.31701E-01 -6.28453E-02
 OMEGA(3,2)    9.52061E-02  4.82025E-02 -8.38099E-01 -5.33574E-01  0.00000E+00  7.29754E-01 -2.75700E-01 -3.75008E-01 -5.63131E-01  4.31701E-01  9.08305E-03  7.85343E-01
 OMEGA(3,3)    1.36354E-01 -2.30632E-01 -7.75678E-01 -6.71256E-01  0.00000E+00  9.76691E-01 -1.82999E-01 -1.75563E-01 -5.91817E-01 -6.28453E-02  7.85343E-01  1.78955E-02
