TABLE NO.     1: Laplacian Conditional Estimation with Interaction: Problem=1 Subproblem=0 Superproblem1=0 Iteration1=0 Superproblem2=0 Iteration2=0
 NAME         THETA1       THETA2       THETA3       SIGMA(1,1)   SIGMA(2,1)   SIGMA(2,2)   OMEGA(1,1)   OMEGA(2,1)   OMEGA(2,2)   OMEGA(3,1)   OMEGA(3,2)   OMEGA(3,3)
 THETA1        8.51695E-02  2.26377E-01 -2.31109E-04 -5.63152E-04  0.00000E+00  2.29666E-03  3.91093E-02  5.28779E-03 -4.17489E-04  4.43269E-04  2.52371E-04  7.12120E-04
 THETA2        2.26377E-01  2.46252E+00  8.74956E-04  4.89113E-04  0.00000E+00 -3.14710E-02  1.03508E-01 -7.12737E-03  5.12033E-04  2.01094E-03  6.87055E-04 -6.47669E-03
 THETA3       -2.31109E-04  8.74956E-04  1.58023E-05  1.96925E-05  0.00000E+00 -2.17233E-04  1.30376E-04  2.08390E-05  1.97476E-05 -2.41891E-05 -3.02613E-05 -5.51804E-05
 SIGMA(1,1)   -5.63152E-04  4.89113E-04  1.96925E-05  7.59700E-05  0.00000E+00 -4.75169E-04 -4.24625E-04 -5.88510E-05  1.85796E-05  1.35100E-05 -4.22423E-05 -1.04702E-04
 SIGMA(2,1)    0.00000E+00  0.00000E+00  0.00000E+00  0.00000E+00  0.00000E+00  0.00000E+00  0.00000E+00  0.00000E+00  0.00000E+00  0.00000E+00  0.00000E+00  0.00000E+00
 SIGMA(2,2)    2.29666E-03 -3.14710E-02 -2.17233E-04 -4.75169E-04  0.00000E+00  5.01880E-03 -2.24388E-03 -2.89596E-04 -3.98368E-04 -1.55370E-04  4.69579E-04  1.23823E-03
 OMEGA(1,1)    3.91093E-02  1.03508E-01  1.30376E-04 -4.24625E-04  0.00000E+00 -2.24388E-03  4.79827E-02  6.47702E-03  6.42118E-04 -1.26154E-03 -5.48542E-04 -7.17357E-04
 OMEGA(2,1)    5.28779E-03 -7.12737E-03  2.08390E-05 -5.88510E-05  0.00000E+00 -2.89596E-04  6.47702E-03  1.28417E-03  1.42106E-04 -6.88092E-05 -1.22063E-04 -1.12587E-04
 OMEGA(2,2)   -4.17489E-04  5.12033E-04  1.97476E-05  1.85796E-05  0.00000E+00 -3.98368E-04  6.42118E-04  1.42106E-04  8.71483E-05 -1.53297E-05 -4.77497E-05 -9.88690E-05
 OMEGA(3,1)    4.43269E-04  2.01094E-03 -2.41891E-05  1.35100E-05  0.00000E+00 -1.55370E-04 -1.26154E-03 -6.88092E-05 -1.53297E-05  4.58560E-04  8.39678E-05 -2.40832E-05
 OMEGA(3,2)    2.52371E-04  6.87055E-04 -3.02613E-05 -4.22423E-05  0.00000E+00  4.69579E-04 -5.48542E-04 -1.22063E-04 -4.77497E-05  8.39678E-05  8.25019E-05  1.27654E-04
 OMEGA(3,3)    7.12120E-04 -6.47669E-03 -5.51804E-05 -1.04702E-04  0.00000E+00  1.23823E-03 -7.17357E-04 -1.12587E-04 -9.88690E-05 -2.40832E-05  1.27654E-04  3.20249E-04
