TABLE NO.     1: First Order: Problem=1 Subproblem=0 Superproblem1=0 Iteration1=0 Superproblem2=0 Iteration2=0
 NAME         THETA1       THETA2       THETA3       SIGMA(1,1)   SIGMA(2,1)   SIGMA(2,2)   OMEGA(1,1)   OMEGA(2,1)   OMEGA(2,2)   OMEGA(3,1)   OMEGA(3,2)   OMEGA(3,3)
 THETA1        4.10971E-01  3.39353E-01  5.74754E-03  1.05001E-03  0.00000E+00 -4.97148E-03  2.05778E-01  2.00820E-03 -2.19176E-03  1.21568E-01  1.00299E-03  6.69741E-02
 THETA2        3.39353E-01  2.83902E+00  5.04184E-03  1.80788E-03  0.00000E+00 -9.95482E-03  3.37475E-01  3.48406E-02  1.27867E-02  1.49141E-01  2.38443E-02  5.74064E-02
 THETA3        5.74754E-03  5.04184E-03  5.32416E-04  5.80674E-05  0.00000E+00 -4.79024E-04  1.62970E-03 -1.04160E-03 -2.50351E-04  7.11160E-03  6.31357E-05  6.22419E-03
 SIGMA(1,1)    1.05001E-03  1.80788E-03  5.80674E-05  1.27950E-05  0.00000E+00 -2.82491E-05  5.14173E-04 -7.51631E-05 -2.05184E-05  9.76599E-04  2.78935E-05  8.05286E-04
 SIGMA(2,1)    0.00000E+00  0.00000E+00  0.00000E+00  0.00000E+00  0.00000E+00  0.00000E+00  0.00000E+00  0.00000E+00  0.00000E+00  0.00000E+00  0.00000E+00  0.00000E+00
 SIGMA(2,2)   -4.97148E-03 -9.95482E-03 -4.79024E-04 -2.82491E-05  0.00000E+00  1.02871E-03 -1.01449E-03  9.52680E-04  1.80582E-04 -3.85998E-03  2.19543E-04 -3.39523E-03
 OMEGA(1,1)    2.05778E-01  3.37475E-01  1.62970E-03  5.14173E-04  0.00000E+00 -1.01449E-03  1.76851E-01  1.95056E-02  3.20525E-03  5.75462E-02  4.21292E-03  1.79802E-02
 OMEGA(2,1)    2.00820E-03  3.48406E-02 -1.04160E-03 -7.51631E-05  0.00000E+00  9.52680E-04  1.95056E-02  6.75186E-03  1.50370E-03 -1.00972E-02  8.56420E-04 -1.30815E-02
 OMEGA(2,2)   -2.19176E-03  1.27867E-02 -2.50351E-04 -2.05184E-05  0.00000E+00  1.80582E-04  3.20525E-03  1.50370E-03  3.92330E-04 -2.82661E-03  2.32105E-04 -3.26773E-03
 OMEGA(3,1)    1.21568E-01  1.49141E-01  7.11160E-03  9.76599E-04  0.00000E+00 -3.85998E-03  5.75462E-02 -1.00972E-02 -2.82661E-03  1.15745E-01  3.12002E-03  9.39571E-02
 OMEGA(3,2)    1.00299E-03  2.38443E-02  6.31357E-05  2.78935E-05  0.00000E+00  2.19543E-04  4.21292E-03  8.56420E-04  2.32105E-04  3.12002E-03  5.30891E-04  1.86963E-03
 OMEGA(3,3)    6.69741E-02  5.74064E-02  6.22419E-03  8.05286E-04  0.00000E+00 -3.39523E-03  1.79802E-02 -1.30815E-02 -3.26773E-03  9.39571E-02  1.86963E-03  8.37548E-02
