TABLE NO.     1: First Order: Problem=1 Subproblem=0 Superproblem1=0 Iteration1=0 Superproblem2=0 Iteration2=0
 NAME         THETA1       THETA2       THETA3       SIGMA(1,1)   SIGMA(2,1)   SIGMA(2,2)   OMEGA(1,1)   OMEGA(2,1)   OMEGA(2,2)   OMEGA(3,1)   OMEGA(3,2)   OMEGA(3,3)
 THETA1        6.41070E-01  3.14168E-01  3.88553E-01  4.57896E-01  0.00000E+00 -2.41788E-01  7.63289E-01  3.81232E-02 -1.72608E-01  5.57396E-01  6.79028E-02  3.60991E-01
 THETA2        3.14168E-01  1.68494E+00  1.29682E-01  2.99961E-01  0.00000E+00 -1.84206E-01  4.76270E-01  2.51646E-01  3.83132E-01  2.60173E-01  6.14183E-01  1.17726E-01
 THETA3        3.88553E-01  1.29682E-01  2.30741E-02  7.03536E-01  0.00000E+00 -6.47271E-01  1.67950E-01 -5.49371E-01 -5.47769E-01  9.05922E-01  1.18754E-01  9.32078E-01
 SIGMA(1,1)    4.57896E-01  2.99961E-01  7.03536E-01  3.57702E-03  0.00000E+00 -2.46228E-01  3.41810E-01 -2.55724E-01 -2.89599E-01  8.02498E-01  3.38438E-01  7.77901E-01
 SIGMA(2,1)    0.00000E+00  0.00000E+00  0.00000E+00  0.00000E+00  0.00000E+00  0.00000E+00  0.00000E+00  0.00000E+00  0.00000E+00  0.00000E+00  0.00000E+00  0.00000E+00
 SIGMA(2,2)   -2.41788E-01 -1.84206E-01 -6.47271E-01 -2.46228E-01  0.00000E+00  3.20735E-02 -7.52136E-02  3.61484E-01  2.84252E-01 -3.53743E-01  2.97078E-01 -3.65778E-01
 OMEGA(1,1)    7.63289E-01  4.76270E-01  1.67950E-01  3.41810E-01  0.00000E+00 -7.52136E-02  4.20537E-01  5.64474E-01  3.84797E-01  4.02218E-01  4.34787E-01  1.47736E-01
 OMEGA(2,1)    3.81232E-02  2.51646E-01 -5.49371E-01 -2.55724E-01  0.00000E+00  3.61484E-01  5.64474E-01  8.21697E-02  9.23898E-01 -3.61192E-01  4.52347E-01 -5.50100E-01
 OMEGA(2,2)   -1.72608E-01  3.83132E-01 -5.47769E-01 -2.89599E-01  0.00000E+00  2.84252E-01  3.84797E-01  9.23898E-01  1.98073E-02 -4.19458E-01  5.08576E-01 -5.70053E-01
 OMEGA(3,1)    5.57396E-01  2.60173E-01  9.05922E-01  8.02498E-01  0.00000E+00 -3.53743E-01  4.02218E-01 -3.61192E-01 -4.19458E-01  3.40213E-01  3.98019E-01  9.54275E-01
 OMEGA(3,2)    6.79028E-02  6.14183E-01  1.18754E-01  3.38438E-01  0.00000E+00  2.97078E-01  4.34787E-01  4.52347E-01  5.08576E-01  3.98019E-01  2.30411E-02  2.80381E-01
 OMEGA(3,3)    3.60991E-01  1.17726E-01  9.32078E-01  7.77901E-01  0.00000E+00 -3.65778E-01  1.47736E-01 -5.50100E-01 -5.70053E-01  9.54275E-01  2.80381E-01  2.89404E-01
