TABLE NO.     1: Laplacian Conditional Estimation with Interaction: Problem=1 Subproblem=0 Superproblem1=0 Iteration1=0 Superproblem2=0 Iteration2=0
 NAME         THETA1       THETA2       THETA3       SIGMA(1,1)   SIGMA(2,1)   SIGMA(2,2)   OMEGA(1,1)   OMEGA(2,1)   OMEGA(2,2)   OMEGA(3,1)   OMEGA(3,2)   OMEGA(3,3)
 THETA1        1.89218E+01 -2.32782E+00  2.37956E+02  3.47211E+02  0.00000E+00 -3.97802E+01 -5.00518E+00  1.46759E+02 -3.17119E+02  2.03737E+01 -5.70690E+01 -5.02336E+01
 THETA2       -2.32782E+00  7.17513E-01 -4.10357E+01 -1.76135E+02  0.00000E+00 -9.10719E+00  3.20751E+00 -2.55155E+01  2.70377E+01 -5.39518E+00  4.18161E+01 -4.25733E+00
 THETA3        2.37956E+02 -4.10357E+01  4.48180E+04  3.97146E+04  0.00000E+00 -7.05433E+03  2.79360E+02 -2.56404E+03  9.94048E+03 -6.68319E+02 -6.41293E+03 -1.64700E+04
 SIGMA(1,1)    3.47211E+02 -1.76135E+02  3.97146E+04  2.75598E+05  0.00000E+00  1.05172E+04 -8.12686E+02 -5.85007E+03  2.17658E+04  1.64621E+03 -2.60299E+04 -9.81959E+02
 SIGMA(2,1)    0.00000E+00  0.00000E+00  0.00000E+00  0.00000E+00  0.00000E+00  0.00000E+00  0.00000E+00  0.00000E+00  0.00000E+00  0.00000E+00  0.00000E+00  0.00000E+00
 SIGMA(2,2)   -3.97802E+01 -9.10719E+00 -7.05433E+03  1.05172E+04  0.00000E+00  3.33705E+03 -1.54337E+02  1.38322E+02  6.84832E+01  3.43944E+02 -2.24753E+03  5.27733E+03
 OMEGA(1,1)   -5.00518E+00  3.20751E+00  2.79360E+02 -8.12686E+02  0.00000E+00 -1.54337E+02  4.44221E+01 -2.10470E+02  2.85807E+02 -5.24705E+01  2.46496E+02 -2.34386E+02
 OMEGA(2,1)    1.46759E+02 -2.55155E+01 -2.56404E+03 -5.85007E+03  0.00000E+00  1.38322E+02 -2.10470E+02  2.86160E+03 -6.61440E+03  3.68564E+02  9.64802E+01  1.06940E+03
 OMEGA(2,2)   -3.17119E+02  2.70377E+01  9.94048E+03  2.17658E+04  0.00000E+00  6.84832E+01  2.85807E+02 -6.61440E+03  2.05966E+04 -6.15035E+02 -4.67194E+03 -2.61878E+03
 OMEGA(3,1)    2.03737E+01 -5.39518E+00 -6.68319E+02  1.64621E+03  0.00000E+00  3.43944E+02 -5.24705E+01  3.68564E+02 -6.15035E+02  1.48757E+02 -3.19255E+02  6.59739E+02
 OMEGA(3,2)   -5.70690E+01  4.18161E+01 -6.41293E+03 -2.60299E+04  0.00000E+00 -2.24753E+03  2.46496E+02  9.64802E+01 -4.67194E+03 -3.19255E+02  8.26698E+03 -1.57589E+03
 OMEGA(3,3)   -5.02336E+01 -4.25733E+00 -1.64700E+04 -9.81959E+02  0.00000E+00  5.27733E+03 -2.34386E+02  1.06940E+03 -2.61878E+03  6.59739E+02 -1.57589E+03  1.00565E+04
