TABLE NO.     1: Laplacian Conditional Estimation with Interaction: Problem=1 Subproblem=0 Superproblem1=0 Iteration1=0 Superproblem2=0 Iteration2=0
 NAME         THETA1       THETA2       THETA3       SIGMA(1,1)   SIGMA(2,1)   SIGMA(2,2)   OMEGA(1,1)   OMEGA(2,1)   OMEGA(2,2)   OMEGA(3,1)   OMEGA(3,2)   OMEGA(3,3)
 THETA1        6.03523E+02 -7.23490E+01  3.05324E+04  3.17662E+04  0.00000E+00  1.67010E+04  1.17504E+03 -1.00964E+04  2.45076E+04  5.06854E+03  5.82157E+03 -4.70233E+04
 THETA2       -7.23490E+01  1.12205E+01 -3.33379E+03 -3.29332E+03  0.00000E+00 -1.80067E+03 -1.76452E+02  1.46534E+03 -2.86732E+03 -8.36945E+02  3.09398E+02  4.74729E+03
 THETA3        3.05324E+04 -3.33379E+03  1.98923E+06  1.87041E+06  0.00000E+00  9.61899E+05  5.90444E+04 -4.91547E+05  1.32681E+06  2.46362E+05  5.66311E+05 -2.73834E+06
 SIGMA(1,1)    3.17662E+04 -3.29332E+03  1.87041E+06  2.24039E+06  0.00000E+00  1.11814E+06  7.31379E+04 -5.84525E+05  1.54623E+06  3.37294E+05  3.35639E+05 -3.07847E+06
 SIGMA(2,1)    0.00000E+00  0.00000E+00  0.00000E+00  0.00000E+00  0.00000E+00  0.00000E+00  0.00000E+00  0.00000E+00  0.00000E+00  0.00000E+00  0.00000E+00  0.00000E+00
 SIGMA(2,2)    1.67010E+04 -1.80067E+03  9.61899E+05  1.11814E+06  0.00000E+00  5.69494E+05  3.82598E+04 -3.09310E+05  7.93943E+05  1.78302E+05  1.48759E+05 -1.56799E+06
 OMEGA(1,1)    1.17504E+03 -1.76452E+02  5.90444E+04  7.31379E+04  0.00000E+00  3.82598E+04  4.04301E+03 -3.11539E+04  5.91605E+04  2.23132E+04 -2.78490E+04 -9.08790E+04
 OMEGA(2,1)   -1.00964E+04  1.46534E+03 -4.91547E+05 -5.84525E+05  0.00000E+00 -3.09310E+05 -3.11539E+04  2.46639E+05 -4.80200E+05 -1.68253E+05  1.80477E+05  7.56303E+05
 OMEGA(2,2)    2.45076E+04 -2.86732E+03  1.32681E+06  1.54623E+06  0.00000E+00  7.93943E+05  5.91605E+04 -4.80200E+05  1.16205E+06  2.86580E+05  7.24587E+04 -2.13297E+06
 OMEGA(3,1)    5.06854E+03 -8.36945E+02  2.46362E+05  3.37294E+05  0.00000E+00  1.78302E+05  2.23132E+04 -1.68253E+05  2.86580E+05  1.39401E+05 -2.65679E+05 -3.69179E+05
 OMEGA(3,2)    5.82157E+03  3.09398E+02  5.66311E+05  3.35639E+05  0.00000E+00  1.48759E+05 -2.78490E+04  1.80477E+05  7.24587E+04 -2.65679E+05  1.28638E+06 -8.83852E+05
 OMEGA(3,3)   -4.70233E+04  4.74729E+03 -2.73834E+06 -3.07847E+06  0.00000E+00 -1.56799E+06 -9.08790E+04  7.56303E+05 -2.13297E+06 -3.69179E+05 -8.83852E+05  4.51634E+06
