TABLE NO.     1: Laplacian Conditional Estimation with Interaction: Problem=1 Subproblem=0 Superproblem1=0 Iteration1=0 Superproblem2=0 Iteration2=0
 NAME         THETA1       THETA2       THETA3       SIGMA(1,1)   SIGMA(2,1)   SIGMA(2,2)   OMEGA(1,1)   OMEGA(2,1)   OMEGA(2,2)   OMEGA(3,1)   OMEGA(3,2)   OMEGA(3,3)
 THETA1        1.93981E+01 -2.29906E+00  2.10135E+02  8.71192E+01  0.00000E+00 -1.20934E+01 -3.76671E-01 -1.27217E+01  1.95701E+01  4.76192E+00  6.53747E+00 -1.16917E+01
 THETA2       -2.29906E+00  7.15385E-01 -4.04914E+01 -2.44051E+01  0.00000E+00  5.30685E-02 -5.48441E-01  6.72853E+00 -1.08066E+01 -3.19061E+00  2.86861E+00  2.83810E+00
 THETA3        2.10135E+02 -4.04914E+01  4.59325E+04  3.48660E+03  0.00000E+00 -1.01566E+02  1.81925E+02 -1.70672E+03  2.52685E+03  7.36235E+02 -5.53071E+02 -8.56927E+02
 SIGMA(1,1)    8.71192E+01 -2.44051E+01  3.48660E+03  8.97340E+04  0.00000E+00  6.61118E+03  1.98538E+02 -2.16462E+03  7.43409E+03  1.25484E+03 -8.91054E+03  3.66869E+03
 SIGMA(2,1)    0.00000E+00  0.00000E+00  0.00000E+00  0.00000E+00  0.00000E+00  0.00000E+00  0.00000E+00  0.00000E+00  0.00000E+00  0.00000E+00  0.00000E+00  0.00000E+00
 SIGMA(2,2)   -1.20934E+01  5.30685E-02 -1.01566E+02  6.61118E+03  0.00000E+00  1.40947E+03  4.90181E+01 -5.19966E+02  1.67690E+03  3.34478E+02 -2.32687E+03  7.83986E+02
 OMEGA(1,1)   -3.76671E-01 -5.48441E-01  1.81925E+02  1.98538E+02  0.00000E+00  4.90181E+01  6.88092E+01 -3.68034E+02  4.19643E+02  1.08568E+02 -2.58532E+02  7.23970E+01
 OMEGA(2,1)   -1.27217E+01  6.72853E+00 -1.70672E+03 -2.16462E+03  0.00000E+00 -5.19966E+02 -3.68034E+02  3.39945E+03 -5.70183E+03 -6.81603E+02  2.71225E+03 -7.00602E+02
 OMEGA(2,2)    1.95701E+01 -1.08066E+01  2.52685E+03  7.43409E+03  0.00000E+00  1.67690E+03  4.19643E+02 -5.70183E+03  1.96483E+04  7.61608E+02 -6.29317E+03  1.62420E+03
 OMEGA(3,1)    4.76192E+00 -3.19061E+00  7.36235E+02  1.25484E+03  0.00000E+00  3.34478E+02  1.08568E+02 -6.81603E+02  7.61608E+02  1.42216E+03 -3.96661E+03  1.39645E+03
 OMEGA(3,2)    6.53747E+00  2.86861E+00 -5.53071E+02 -8.91054E+03  0.00000E+00 -2.32687E+03 -2.58532E+02  2.71225E+03 -6.29317E+03 -3.96661E+03  2.51290E+04 -5.87677E+03
 OMEGA(3,3)   -1.16917E+01  2.83810E+00 -8.56927E+02  3.66869E+03  0.00000E+00  7.83986E+02  7.23970E+01 -7.00602E+02  1.62420E+03  1.39645E+03 -5.87677E+03  6.44865E+03
