TABLE NO.     1: First Order Conditional Estimation with Interaction: Problem=1 Subproblem=0 Superproblem1=0 Iteration1=0 Superproblem2=0 Iteration2=0
 NAME         THETA1       THETA2       THETA3       SIGMA(1,1)   SIGMA(2,1)   SIGMA(2,2)   OMEGA(1,1)   OMEGA(2,1)   OMEGA(2,2)   OMEGA(3,1)   OMEGA(3,2)   OMEGA(3,3)
 THETA1        1.93223E+01 -2.29235E+00  2.37503E+02  1.15249E+02  0.00000E+00 -1.66454E+00  2.15983E-01 -1.58964E+01  3.32281E+01  7.87416E+00 -1.32184E+01 -6.30770E+00
 THETA2       -2.29235E+00  6.88685E-01 -3.69687E+01 -2.87767E+01  0.00000E+00 -4.94748E-01 -5.59000E-01  6.59553E+00 -1.20206E+01 -3.05146E+00  5.00293E+00  2.21574E+00
 THETA3        2.37503E+02 -3.69687E+01  4.36395E+04  3.24841E+03  0.00000E+00  1.11287E+02  1.65679E+02 -1.57976E+03  2.53211E+03  6.65325E+02 -5.95128E+02 -1.00432E+03
 SIGMA(1,1)    1.15249E+02 -2.87767E+01  3.24841E+03  9.22759E+04  0.00000E+00  6.72720E+03  1.98298E+02 -2.01612E+03  6.62515E+03  1.22087E+03 -7.98819E+03  3.34701E+03
 SIGMA(2,1)    0.00000E+00  0.00000E+00  0.00000E+00  0.00000E+00  0.00000E+00  0.00000E+00  0.00000E+00  0.00000E+00  0.00000E+00  0.00000E+00  0.00000E+00  0.00000E+00
 SIGMA(2,2)   -1.66454E+00 -4.94748E-01  1.11287E+02  6.72720E+03  0.00000E+00  9.35205E+02  2.65157E+01 -2.47966E+02  7.29499E+02  1.58604E+02 -9.87684E+02  3.28388E+02
 OMEGA(1,1)    2.15983E-01 -5.59000E-01  1.65679E+02  1.98298E+02  0.00000E+00  2.65157E+01  7.01603E+01 -3.65840E+02  3.94711E+02  1.07553E+02 -2.36566E+02  6.56126E+01
 OMEGA(2,1)   -1.58964E+01  6.59553E+00 -1.57976E+03 -2.01612E+03  0.00000E+00 -2.47966E+02 -3.65840E+02  3.26364E+03 -5.19018E+03 -5.72909E+02  2.06236E+03 -4.74432E+02
 OMEGA(2,2)    3.32281E+01 -1.20206E+01  2.53211E+03  6.62515E+03  0.00000E+00  7.29499E+02  3.94711E+02 -5.19018E+03  1.73667E+04  3.67251E+02 -3.55689E+03  7.04624E+02
 OMEGA(3,1)    7.87416E+00 -3.05146E+00  6.65325E+02  1.22087E+03  0.00000E+00  1.58604E+02  1.07553E+02 -5.72909E+02  3.67251E+02  1.32421E+03 -3.33723E+03  1.18832E+03
 OMEGA(3,2)   -1.32184E+01  5.00293E+00 -5.95128E+02 -7.98819E+03  0.00000E+00 -9.87684E+02 -2.36566E+02  2.06236E+03 -3.55689E+03 -3.33723E+03  2.08007E+04 -4.40868E+03
 OMEGA(3,3)   -6.30770E+00  2.21574E+00 -1.00432E+03  3.34701E+03  0.00000E+00  3.28388E+02  6.56126E+01 -4.74432E+02  7.04624E+02  1.18832E+03 -4.40868E+03  5.86892E+03
