TABLE NO.     1: First Order Conditional Estimation with Interaction: Problem=1 Subproblem=0 Superproblem1=0 Iteration1=0 Superproblem2=0 Iteration2=0
 NAME         THETA1       THETA2       THETA3       SIGMA(1,1)   SIGMA(2,1)   SIGMA(2,2)   OMEGA(1,1)   OMEGA(2,1)   OMEGA(2,2)   OMEGA(3,1)   OMEGA(3,2)   OMEGA(3,3)
 THETA1        4.41629E+02 -4.94255E+01  1.00127E+04  1.91760E+04  0.00000E+00  6.16497E+03  7.97702E+02 -6.03139E+03  8.61310E+03  3.76803E+03  3.42392E+03 -2.36774E+04
 THETA2       -4.94255E+01  7.99581E+00 -1.00960E+03 -1.60014E+03  0.00000E+00 -5.35725E+02 -1.20622E+02  9.09729E+02 -9.92576E+02 -5.91792E+02  4.55670E+02  1.89999E+03
 THETA3        1.00127E+04 -1.00960E+03  4.85357E+05  4.59654E+05  0.00000E+00  1.48965E+05  1.36986E+04 -1.00215E+05  1.70444E+05  5.51686E+04  2.77351E+05 -5.86284E+05
 SIGMA(1,1)    1.91760E+04 -1.60014E+03  4.59654E+05  1.27420E+06  0.00000E+00  3.81943E+05  4.23320E+04 -2.78637E+05  4.41938E+05  2.19530E+05  1.93337E+05 -1.40917E+06
 SIGMA(2,1)    0.00000E+00  0.00000E+00  0.00000E+00  0.00000E+00  0.00000E+00  0.00000E+00  0.00000E+00  0.00000E+00  0.00000E+00  0.00000E+00  0.00000E+00  0.00000E+00
 SIGMA(2,2)    6.16497E+03 -5.35725E+02  1.48965E+05  3.81943E+05  0.00000E+00  1.17504E+05  1.29885E+04 -8.75968E+04  1.36447E+05  6.66501E+04  6.52368E+04 -4.40379E+05
 OMEGA(1,1)    7.97702E+02 -1.20622E+02  1.36986E+04  4.23320E+04  0.00000E+00  1.29885E+04  3.15173E+03 -2.12524E+04  2.14610E+04  1.85644E+04 -3.04119E+04 -3.81601E+04
 OMEGA(2,1)   -6.03139E+03  9.09729E+02 -1.00215E+05 -2.78637E+05  0.00000E+00 -8.75968E+04 -2.12524E+04  1.48580E+05 -1.52421E+05 -1.23228E+05  1.96912E+05  2.64919E+05
 OMEGA(2,2)    8.61310E+03 -9.92576E+02  1.70444E+05  4.41938E+05  0.00000E+00  1.36447E+05  2.14610E+04 -1.52421E+05  2.13366E+05  1.15040E+05 -4.41407E+04 -4.79411E+05
 OMEGA(3,1)    3.76803E+03 -5.91792E+02  5.51686E+04  2.19530E+05  0.00000E+00  6.66501E+04  1.85644E+04 -1.23228E+05  1.15040E+05  1.20822E+05 -2.46999E+05 -1.67511E+05
 OMEGA(3,2)    3.42392E+03  4.55670E+02  2.77351E+05  1.93337E+05  0.00000E+00  6.52368E+04 -3.04119E+04  1.96912E+05 -4.41407E+04 -2.46999E+05  1.07728E+06 -5.36641E+05
 OMEGA(3,3)   -2.36774E+04  1.89999E+03 -5.86284E+05 -1.40917E+06  0.00000E+00 -4.40379E+05 -3.81601E+04  2.64919E+05 -4.79411E+05 -1.67511E+05 -5.36641E+05  1.75219E+06
