TABLE NO.     1: First Order Conditional Estimation with Interaction: Problem=1 Subproblem=0 Superproblem1=0 Iteration1=0 Superproblem2=0 Iteration2=0
 NAME         THETA1       THETA2       THETA3       SIGMA(1,1)   SIGMA(2,1)   SIGMA(2,2)   OMEGA(1,1)   OMEGA(2,1)   OMEGA(2,2)   OMEGA(3,1)   OMEGA(3,2)   OMEGA(3,3)
 THETA1        9.04709E-02  2.59530E-01 -3.00575E-04 -3.62070E-04  0.00000E+00 -5.46030E-04  4.18878E-02  5.51000E-03 -3.75193E-04  1.54625E-04  2.05918E-04  4.66493E-04
 THETA2        2.59530E-01  2.76886E+00  1.30274E-03  4.72051E-03  0.00000E+00 -7.91265E-02  1.15300E-01 -6.82981E-03 -5.42627E-04  2.93747E-03  1.24138E-03 -1.10937E-02
 THETA3       -3.00575E-04  1.30274E-03  1.87067E-05  3.24195E-05  0.00000E+00 -3.56725E-04  7.25723E-05  9.35120E-06  1.40557E-05 -1.52296E-05 -2.50325E-05 -6.79083E-05
 SIGMA(1,1)   -3.62070E-04  4.72051E-03  3.24195E-05  1.40352E-04  0.00000E+00 -1.20298E-03 -3.25882E-04 -6.64730E-05  7.05003E-06  6.32441E-05 -3.81326E-05 -1.89383E-04
 SIGMA(2,1)    0.00000E+00  0.00000E+00  0.00000E+00  0.00000E+00  0.00000E+00  0.00000E+00  0.00000E+00  0.00000E+00  0.00000E+00  0.00000E+00  0.00000E+00  0.00000E+00
 SIGMA(2,2)   -5.46030E-04 -7.91265E-02 -3.56725E-04 -1.20298E-03  0.00000E+00  1.30756E-02 -3.55021E-03 -2.39658E-04 -2.70482E-04 -7.12674E-04  4.29134E-04  2.22608E-03
 OMEGA(1,1)    4.18878E-02  1.15300E-01  7.25723E-05 -3.25882E-04  0.00000E+00 -3.55021E-03  4.92755E-02  6.59990E-03  5.36851E-04 -1.41069E-03 -4.05500E-04 -7.25952E-04
 OMEGA(2,1)    5.51000E-03 -6.82981E-03  9.35120E-06 -6.64730E-05  0.00000E+00 -2.39658E-04  6.59990E-03  1.29284E-03  1.32624E-04 -9.94486E-05 -9.99260E-05 -8.42588E-05
 OMEGA(2,2)   -3.75193E-04 -5.42627E-04  1.40557E-05  7.05003E-06  0.00000E+00 -2.70482E-04  5.36851E-04  1.32624E-04  7.29352E-05 -1.75021E-05 -2.73530E-05 -6.05442E-05
 OMEGA(3,1)    1.54625E-04  2.93747E-03 -1.52296E-05  6.32441E-05  0.00000E+00 -7.12674E-04 -1.41069E-03 -9.94486E-05 -1.75021E-05  4.82080E-04  8.01802E-05 -8.42767E-05
 OMEGA(3,2)    2.05918E-04  1.24138E-03 -2.50325E-05 -3.81326E-05  0.00000E+00  4.29134E-04 -4.05500E-04 -9.99260E-05 -2.73530E-05  8.01802E-05  5.82244E-05  9.45381E-05
 OMEGA(3,3)    4.66493E-04 -1.10937E-02 -6.79083E-05 -1.89383E-04  0.00000E+00  2.22608E-03 -7.25952E-04 -8.42588E-05 -6.05442E-05 -8.42767E-05  9.45381E-05  4.04617E-04
