TABLE NO.     1: First Order Conditional Estimation with Interaction: Problem=1 Subproblem=0 Superproblem1=0 Iteration1=0 Superproblem2=0 Iteration2=0
 NAME         THETA1       THETA2       THETA3       SIGMA(1,1)   SIGMA(2,1)   SIGMA(2,2)   OMEGA(1,1)   OMEGA(2,1)   OMEGA(2,2)   OMEGA(3,1)   OMEGA(3,2)   OMEGA(3,3)
 THETA1        1.90432E+01 -2.24778E+00  2.30051E+02  3.89063E+02  0.00000E+00 -3.01704E+01 -4.16737E+00  1.41481E+02 -3.00823E+02  2.05955E+01 -6.49312E+01 -4.61427E+01
 THETA2       -2.24778E+00  6.78491E-01 -3.41769E+01 -1.75515E+02  0.00000E+00 -1.05482E+01  3.09985E+00 -2.42856E+01  2.49953E+01 -5.43864E+00  4.08909E+01 -5.59817E+00
 THETA3        2.30051E+02 -3.41769E+01  4.27681E+04  3.90575E+04  0.00000E+00 -5.29213E+03  2.64220E+02 -2.37649E+03  8.98098E+03 -7.70200E+02 -5.95585E+03 -1.60288E+04
 SIGMA(1,1)    3.89063E+02 -1.75515E+02  3.90575E+04  2.88208E+05  0.00000E+00  1.18512E+04 -8.83869E+02 -5.24247E+03  1.96334E+04  1.54327E+03 -2.47730E+04 -1.69812E+03
 SIGMA(2,1)    0.00000E+00  0.00000E+00  0.00000E+00  0.00000E+00  0.00000E+00  0.00000E+00  0.00000E+00  0.00000E+00  0.00000E+00  0.00000E+00  0.00000E+00  0.00000E+00
 SIGMA(2,2)   -3.01704E+01 -1.05482E+01 -5.29213E+03  1.18512E+04  0.00000E+00  2.62336E+03 -1.44741E+02  5.72307E+01  3.48317E+02  3.16658E+02 -2.12793E+03  4.34114E+03
 OMEGA(1,1)   -4.16737E+00  3.09985E+00  2.64220E+02 -8.83869E+02  0.00000E+00 -1.44741E+02  4.48401E+01 -1.97949E+02  2.52876E+02 -5.19239E+01  2.41406E+02 -2.26114E+02
 OMEGA(2,1)    1.41481E+02 -2.42856E+01 -2.37649E+03 -5.24247E+03  0.00000E+00  5.72307E+01 -1.97949E+02  2.67150E+03 -6.03449E+03  3.79917E+02 -6.79529E+01  1.03440E+03
 OMEGA(2,2)   -3.00823E+02  2.49953E+01  8.98098E+03  1.96334E+04  0.00000E+00  3.48317E+02  2.52876E+02 -6.03449E+03  1.85149E+04 -6.50599E+02 -3.78690E+03 -2.50417E+03
 OMEGA(3,1)    2.05955E+01 -5.43864E+00 -7.70200E+02  1.54327E+03  0.00000E+00  3.16658E+02 -5.19239E+01  3.79917E+02 -6.50599E+02  1.51508E+02 -2.77561E+02  6.87076E+02
 OMEGA(3,2)   -6.49312E+01  4.08909E+01 -5.95585E+03 -2.47730E+04  0.00000E+00 -2.12793E+03  2.41406E+02 -6.79529E+01 -3.78690E+03 -2.77561E+02  7.39108E+03 -1.27300E+03
 OMEGA(3,3)   -4.61427E+01 -5.59817E+00 -1.60288E+04 -1.69812E+03  0.00000E+00  4.34114E+03 -2.26114E+02  1.03440E+03 -2.50417E+03  6.87076E+02 -1.27300E+03  9.72392E+03
