TABLE NO.     1: First Order: Problem=1 Subproblem=0 Superproblem1=0 Iteration1=0 Superproblem2=0 Iteration2=0
 NAME         THETA1       THETA2       THETA3       SIGMA(1,1)   SIGMA(2,1)   SIGMA(2,2)   OMEGA(1,1)   OMEGA(2,1)   OMEGA(2,2)   OMEGA(3,1)   OMEGA(3,2)   OMEGA(3,3)
 THETA1        1.79275E+01 -1.33457E+00 -1.62736E+02  2.48521E+02  0.00000E+00 -1.75251E+00 -4.13178E+00  2.15522E+01  1.02257E+01 -1.10287E+01  5.23320E+01  7.04609E+00
 THETA2       -1.33457E+00  5.50815E-01 -7.67227E+00 -1.20808E+02  0.00000E+00 -5.20678E+00  1.11989E-01 -1.46364E+00 -1.65233E+01  2.98606E+00 -1.82531E+01 -2.23481E+00
 THETA3       -1.62736E+02 -7.67227E+00  3.43356E+04 -7.03384E+03  0.00000E+00 -1.99234E+03  8.60336E+01  4.33973E+02  1.34911E+01 -9.08312E+01  9.57209E+02 -1.35197E+03
 SIGMA(1,1)    2.48521E+02 -1.20808E+02 -7.03384E+03  1.92878E+05  0.00000E+00  6.57026E+03  5.02539E+01 -1.01431E+03  4.68257E+03  9.63468E+01 -5.56663E+02 -2.03249E+01
 SIGMA(2,1)    0.00000E+00  0.00000E+00  0.00000E+00  0.00000E+00  0.00000E+00  0.00000E+00  0.00000E+00  0.00000E+00  0.00000E+00  0.00000E+00  0.00000E+00  0.00000E+00
 SIGMA(2,2)   -1.75251E+00 -5.20678E+00 -1.99234E+03  6.57026E+03  0.00000E+00  3.97601E+03  6.00996E+00  1.24456E+02 -4.59290E+01 -6.29655E+01 -2.01421E+02  9.27276E+01
 OMEGA(1,1)   -4.13178E+00  1.11989E-01  8.60336E+01  5.02539E+01  0.00000E+00  6.00996E+00  2.86305E+01 -1.77322E+02  2.73067E+02 -5.29326E+01  1.64360E+02  2.44559E+01
 OMEGA(2,1)    2.15522E+01 -1.46364E+00  4.33973E+02 -1.01431E+03  0.00000E+00  1.24456E+02 -1.77322E+02  1.93110E+03 -4.27288E+03  2.10736E+02 -1.42227E+03 -4.37438E+01
 OMEGA(2,2)    1.02257E+01 -1.65233E+01  1.34911E+01  4.68257E+03  0.00000E+00 -4.59290E+01  2.73067E+02 -4.27288E+03  1.66181E+04 -1.39784E+02  1.11340E+03  1.87045E+01
 OMEGA(3,1)   -1.10287E+01  2.98606E+00 -9.08312E+01  9.63468E+01  0.00000E+00 -6.29655E+01 -5.29326E+01  2.10736E+02 -1.39784E+02  2.13325E+02 -5.56345E+02 -1.51167E+02
 OMEGA(3,2)    5.23320E+01 -1.82531E+01  9.57209E+02 -5.56663E+02  0.00000E+00 -2.01421E+02  1.64360E+02 -1.42227E+03  1.11340E+03 -5.56345E+02  4.04636E+03  1.30792E+02
 OMEGA(3,3)    7.04609E+00 -2.23481E+00 -1.35197E+03 -2.03249E+01  0.00000E+00  9.27276E+01  2.44559E+01 -4.37438E+01  1.87045E+01 -1.51167E+02  1.30792E+02  2.37119E+02
