TABLE NO.     1: First Order: Problem=1 Subproblem=0 Superproblem1=0 Iteration1=0 Superproblem2=0 Iteration2=0
 NAME         THETA1       THETA2       THETA3       SIGMA(1,1)   SIGMA(2,1)   SIGMA(2,2)   OMEGA(1,1)   OMEGA(2,1)   OMEGA(2,2)   OMEGA(3,1)   OMEGA(3,2)   OMEGA(3,3)
 THETA1        7.83352E+01 -4.64780E+00 -1.29502E+03  2.03997E+03  0.00000E+00  2.79529E+02 -1.18775E+01  1.42766E+02 -1.45895E+02 -2.67251E+01  4.44146E+01  1.39511E+01
 THETA2       -4.64780E+00  7.65095E-01  6.43651E+01 -3.97573E+02  0.00000E+00 -4.73231E+01  2.62451E+00 -2.86287E+01  2.95044E+01  2.39484E-01  1.07640E+01 -4.40829E+00
 THETA3       -1.29502E+03  6.43651E+01  1.83631E+05 -4.13686E+03  0.00000E+00 -6.04917E+04 -2.30623E+02  8.39648E+02  9.00423E+03  3.79577E+03 -1.08174E+04 -6.40130E+03
 SIGMA(1,1)    2.03997E+03 -3.97573E+02 -4.13686E+03  4.19618E+05  0.00000E+00  1.80676E+04 -1.17053E+03  8.91893E+03 -3.83202E+03  1.79747E+03 -1.06361E+04  1.81417E+03
 SIGMA(2,1)    0.00000E+00  0.00000E+00  0.00000E+00  0.00000E+00  0.00000E+00  0.00000E+00  0.00000E+00  0.00000E+00  0.00000E+00  0.00000E+00  0.00000E+00  0.00000E+00
 SIGMA(2,2)    2.79529E+02 -4.73231E+01 -6.04917E+04  1.80676E+04  0.00000E+00  2.40488E+04 -2.27466E+01  6.71285E+02 -3.49083E+03 -1.10658E+03  2.77515E+03  2.36049E+03
 OMEGA(1,1)   -1.18775E+01  2.62451E+00 -2.30623E+02 -1.17053E+03  0.00000E+00 -2.27466E+01  1.83750E+01 -1.71795E+02  2.91955E+02 -1.96855E+01  8.48618E+01  3.47350E+00
 OMEGA(2,1)    1.42766E+02 -2.86287E+01  8.39648E+02  8.91893E+03  0.00000E+00  6.71285E+02 -1.71795E+02  2.00672E+03 -3.81213E+03  5.17226E+01 -7.65345E+02  8.80305E+01
 OMEGA(2,2)   -1.45895E+02  2.95044E+01  9.00423E+03 -3.83202E+03  0.00000E+00 -3.49083E+03  2.91955E+02 -3.81213E+03  1.20302E+04  1.88739E+02  6.67570E+02 -7.12571E+02
 OMEGA(3,1)   -2.67251E+01  2.39484E-01  3.79577E+03  1.79747E+03  0.00000E+00 -1.10658E+03 -1.96855E+01  5.17226E+01  1.88739E+02  1.29406E+02 -2.92843E+02 -1.55905E+02
 OMEGA(3,2)    4.44146E+01  1.07640E+01 -1.08174E+04 -1.06361E+04  0.00000E+00  2.77515E+03  8.48618E+01 -7.65345E+02  6.67570E+02 -2.92843E+02  1.12166E+03  2.94540E+02
 OMEGA(3,3)    1.39511E+01 -4.40829E+00 -6.40130E+03  1.81417E+03  0.00000E+00  2.36049E+03  3.47350E+00  8.80305E+01 -7.12571E+02 -1.55905E+02  2.94540E+02  3.27712E+02
